Samples	Gain	Loss	MetHyper	MetHypo
TCGA-3B-A9HI-01	10331	17672	22706	117940
TCGA-3B-A9HJ-01	1008	7	31165	107054
TCGA-3B-A9HL-01	6191	9253	31001	113901
TCGA-3B-A9HO-01	2090	7779	34198	107952
TCGA-3B-A9HP-01	8862	5471	36887	110619
TCGA-3B-A9HQ-01	8473	13120	30846	112592
TCGA-3B-A9HR-01	23142	20986	37710	116199
TCGA-3B-A9HS-01	11130	12977	30855	101455
TCGA-3B-A9HT-01	2893	23	24076	108646
TCGA-3B-A9HU-01	293	16680	30984	109399
TCGA-3B-A9HV-01	6750	9077	22885	119756
TCGA-3B-A9HX-01	4019	22258	21777	112979
TCGA-3B-A9HY-01	1735	13808	36143	116146
TCGA-3B-A9HZ-01	2171	13514	35657	107816
TCGA-3B-A9I0-01	499	9378	38714	113505
TCGA-3B-A9I1-01	25857	16169	41224	112559
TCGA-3B-A9I3-01	669	103	24435	111888
TCGA-DX-A1KU-01	6402	1349	27754	112968
TCGA-DX-A1KW-01	16448	19358	33771	109912
TCGA-DX-A1KX-01	16134	10880	24671	116319
TCGA-DX-A1KY-01	23017	12178	39492	109318
TCGA-DX-A1KZ-01	8368	6140	32841	112858
TCGA-DX-A1L0-01	15202	14257	30781	114826
TCGA-DX-A1L1-01	12138	6644	31358	95272
TCGA-DX-A1L2-01	4596	11788	25439	115754
TCGA-DX-A1L3-01	2801	2227	31174	108633
TCGA-DX-A1L4-01	1514	4	32371	115471
TCGA-DX-A23R-01	12995	14909	16613	122105
TCGA-DX-A23T-01	4186	8	28952	111182
TCGA-DX-A23U-01	1164	0	26902	118931
TCGA-DX-A23V-01	978	437	32481	109855
TCGA-DX-A23Y-01	8384	15302	35037	103650
TCGA-DX-A23Z-01	2423	0	28523	115643
TCGA-DX-A240-01	3975	1	33425	116380
TCGA-DX-A2IZ-01	4975	9533	47115	106771
TCGA-DX-A2J0-01	2681	14190	32846	113993
TCGA-DX-A2J1-01	1779	0	29018	115508
TCGA-DX-A2J4-01	1389	5	31198	115102
TCGA-DX-A3LS-01	4256	132	31648	106859
TCGA-DX-A3LT-01	4103	13528	23929	115647
TCGA-DX-A3LU-01	3807	2	30651	112524
TCGA-DX-A3LW-01	3421	5193	25998	120464
TCGA-DX-A3LY-01	8141	6447	30843	103924
TCGA-DX-A3M1-01	8486	13012	21567	118109
TCGA-DX-A3M2-01	4534	892	29625	111905
TCGA-DX-A3U5-01	8469	13214	33575	108068
TCGA-DX-A3U6-01	965	8	28715	105718
TCGA-DX-A3U7-01	23761	20504	42416	110314
TCGA-DX-A3U8-01	0	452	25782	96309
TCGA-DX-A3U9-01	5590	17327	23668	121080
TCGA-DX-A3UA-01	6771	5688	19108	118166
TCGA-DX-A3UB-01	0	2188	32183	113195
TCGA-DX-A3UC-01	3125	11227	37845	119014
TCGA-DX-A3UD-01	9386	13353	33632	115966
TCGA-DX-A3UE-01	2841	10216	39108	115037
TCGA-DX-A3UF-01	17135	20043	40755	104975
TCGA-DX-A48J-01	2	7339	35779	122207
TCGA-DX-A48K-01	6093	11534	22009	113072
TCGA-DX-A48L-01	5641	11924	31996	112454
TCGA-DX-A48N-01	7346	5345	35407	115768
TCGA-DX-A48O-01	3544	15695	41150	112413
TCGA-DX-A48P-01	2848	11351	33533	116106
TCGA-DX-A48R-01	3614	19829	40123	118910
TCGA-DX-A48U-01	768	11788	38975	122823
TCGA-DX-A6B7-01	243	9665	39366	120214
TCGA-DX-A6B8-01	21102	26502	18692	127914
TCGA-DX-A6B9-01	1011	8890	32261	118069
TCGA-DX-A6BA-01	11770	17169	43765	107648
TCGA-DX-A6BB-01	14146	8011	35387	118406
TCGA-DX-A6BE-01	1665	2	31821	111234
TCGA-DX-A6BF-01	5803	8721	26489	111669
TCGA-DX-A6BG-01	1708	6	24274	114820
TCGA-DX-A6BH-01	1439	2087	29895	112122
TCGA-DX-A6YQ-01	17682	9154	22146	107781
TCGA-DX-A6YR-01	17692	18082	24044	120502
TCGA-DX-A6YS-01	19774	19553	22034	126530
TCGA-DX-A6YT-01	16430	21409	36616	115203
TCGA-DX-A6YU-01	12320	23398	23293	111351
TCGA-DX-A6YV-01	19011	21216	23358	131347
TCGA-DX-A6YX-01	26283	28764	30843	111687
TCGA-DX-A6YZ-01	6682	19328	22439	112698
TCGA-DX-A6Z0-01	10694	15463	28222	110240
TCGA-DX-A6Z2-01	6578	12758	30104	111538
TCGA-DX-A7EF-01	18527	11268	26291	118535
TCGA-DX-A7EI-01	19633	22960	32858	113902
TCGA-DX-A7EL-01	7356	7324	36014	106229
TCGA-DX-A7EM-01	5713	17194	39403	111590
TCGA-DX-A7EN-01	1846	15445	30709	124149
TCGA-DX-A7EO-01	15	5741	24510	123495
TCGA-DX-A7EQ-01	149	1481	22399	118927
TCGA-DX-A7ER-01	28	5	24693	125848
TCGA-DX-A7ES-01	1488	2	27159	107630
TCGA-DX-A7ET-01	9360	6672	28285	112373
TCGA-DX-A8BG-01	10710	10723	30947	106312
TCGA-DX-A8BH-01	5243	1758	21458	112750
TCGA-DX-A8BJ-01	11386	11082	29500	117869
TCGA-DX-A8BK-01	9659	10134	20537	113704
TCGA-DX-A8BL-01	10961	14852	21811	114652
TCGA-DX-A8BM-01	19440	18664	20713	123348
TCGA-DX-A8BN-01	8759	12561	26099	117151
TCGA-DX-A8BO-01	4513	19049	33888	105396
TCGA-DX-A8BP-01	12054	14540	32387	102660
TCGA-DX-A8BQ-01	0	122	29797	103983
TCGA-DX-A8BR-01	6304	17062	32319	112051
TCGA-DX-A8BS-01	15685	15485	25686	114880
TCGA-DX-A8BT-01	11694	13248	34634	102817
TCGA-DX-A8BU-01	17402	18460	19840	128944
TCGA-DX-A8BV-01	6129	13412	23924	119382
TCGA-DX-A8BX-01	11355	205	30858	114074
TCGA-DX-A8BZ-01	2845	11112	24737	114686
TCGA-DX-AATS-01	18462	13283	19739	123299
TCGA-DX-AB2E-01	11437	6622	32478	89327
TCGA-DX-AB2F-01	5465	8469	35359	110898
TCGA-DX-AB2G-01	4733	4312	28203	116307
TCGA-DX-AB2H-01	1513	9306	29953	118196
TCGA-DX-AB2J-01	5869	4225	37295	113818
TCGA-DX-AB2L-01	4	1	21922	120185
TCGA-DX-AB2O-01	20065	20781	28723	116631
TCGA-DX-AB2P-01	13410	10652	24248	116626
TCGA-DX-AB2Q-01	14241	15705	22186	109247
TCGA-DX-AB2S-01	1370	1	26210	109300
TCGA-DX-AB2T-01	10065	12610	24096	115964
TCGA-DX-AB2V-01	21995	14375	31233	106377
TCGA-DX-AB2W-01	14872	6878	22410	109604
TCGA-DX-AB2X-01	13922	8405	35493	106154
TCGA-DX-AB2Z-01	5486	1818	25070	106407
TCGA-DX-AB30-01	7034	1236	26394	117994
TCGA-DX-AB32-01	1434	24371	27453	115553
TCGA-DX-AB35-01	5459	11276	28054	121686
TCGA-DX-AB36-01	4236	2775	29626	120329
TCGA-DX-AB37-01	7071	3374	25828	113307
TCGA-DX-AB3A-01	6234	7646	24544	120242
TCGA-DX-AB3B-01	17	4165	17966	130680
TCGA-DX-AB3C-01	28	7146	15444	132824
TCGA-FX-A2QS-01	13748	17052	38533	103280
TCGA-FX-A3NJ-01	1602	5904	31253	123926
TCGA-FX-A3NK-01	5387	10126	32529	113525
TCGA-FX-A3RE-01	5147	10331	25975	106126
TCGA-FX-A3TO-01	24068	15096	19337	129696
TCGA-FX-A48G-01	6425	19251	28692	120293
TCGA-FX-A76Y-01	382	7337	33537	119412
TCGA-FX-A8OO-01	3345	4	24204	124636
TCGA-HB-A2OT-01	6595	763	19326	116481
TCGA-HB-A3L4-01	6426	16234	27372	125811
TCGA-HB-A3YV-01	10937	13670	40877	109698
TCGA-HB-A43Z-01	16894	22607	38106	115944
TCGA-HB-A5W3-01	3729	23012	42332	104602
TCGA-HS-A5N7-01	817	22484	30049	113435
TCGA-HS-A5N9-01	10069	8318	29183	117175
TCGA-HS-A5NA-01	4158	9900	39240	115892
TCGA-IE-A3OV-01	24978	21048	37150	110556
TCGA-IE-A4EH-01	7023	18797	38730	114503
TCGA-IE-A4EI-01	19973	7546	45685	112804
TCGA-IE-A4EJ-01	17079	9810	21632	112309
TCGA-IE-A4EK-01	1317	5106	38063	121492
TCGA-IE-A6BZ-01	22290	11601	27623	122385
TCGA-IF-A3RQ-01	8634	10624	33434	105597
TCGA-IF-A4AJ-01	18765	5008	37085	108854
TCGA-IF-A4AK-01	139	9409	39957	111460
TCGA-IS-A3K6-01	1696	5964	40605	111223
TCGA-IS-A3K7-01	4177	25945	29612	108844
TCGA-IS-A3K8-01	0	5602	33058	117888
TCGA-IS-A3KA-01	6168	12782	21810	110592
TCGA-IW-A3M4-01	1129	12990	37097	116871
TCGA-IW-A3M5-01	17180	18799	21315	118889
TCGA-IW-A3M6-01	4549	18634	35085	105774
TCGA-JV-A5VE-01	6766	17805	34153	112266
TCGA-JV-A75J-01	6124	7925	34456	116566
TCGA-K1-A3PN-01	2705	7377	39751	112777
TCGA-K1-A3PO-01	0	130	27002	114593
TCGA-K1-A42W-01	13720	9145	36340	110944
TCGA-K1-A42X-01	5785	12656	40356	118971
TCGA-K1-A6RT-01	2	12	26545	109590
TCGA-K1-A6RU-01	9536	8404	26012	111080
TCGA-K1-A6RV-01	17523	23034	20088	120116
TCGA-KD-A5QS-01	26922	27340	19465	121951
TCGA-KD-A5QT-01	4069	10798	46195	111873
TCGA-KD-A5QU-01	21581	24003	29721	120073
TCGA-KF-A41W-01	8796	6349	29893	109901
TCGA-LI-A67I-01	15349	5228	13505	121063
TCGA-LI-A9QH-01	15441	19914	18889	132939
TCGA-MB-A5Y8-01	5974	22426	24492	109693
TCGA-MB-A8JK-01	15068	22901	29804	117667
TCGA-MB-A8JL-01	3490	10131	37806	104049
TCGA-MJ-A68H-01	13853	16277	36709	108292
TCGA-MJ-A68J-01	3834	688	30803	113035
TCGA-MJ-A850-01	0	2	24606	124598
TCGA-MO-A47P-01	1	4	32195	112437
TCGA-MO-A47R-01	28870	21571	35908	114204
TCGA-N1-A6IA-01	11947	15741	26606	110299
TCGA-PC-A5DK-01	0	5033	37088	115854
TCGA-PC-A5DL-01	20042	13049	37638	119340
TCGA-PC-A5DM-01	15491	25437	25117	123718
TCGA-PC-A5DN-01	3766	84	25052	107179
TCGA-PC-A5DO-01	22711	24717	42645	107357
TCGA-PC-A5DP-01	4963	9630	40720	108019
TCGA-PT-A8TR-01	4825	2447	49013	104377
TCGA-QC-A6FX-01	14387	11681	26991	111803
TCGA-QC-A7B5-01	269	10850	23870	113759
TCGA-QC-AA9N-01	10729	22714	32479	109962
TCGA-QQ-A5V2-01	11	3	26007	96740
TCGA-QQ-A5V9-01	10358	12734	24159	113382
TCGA-QQ-A5VA-01	5809	7008	25881	105437
TCGA-QQ-A5VB-01	7214	5310	28614	107664
TCGA-QQ-A5VC-01	16592	9869	17731	120907
TCGA-QQ-A5VD-01	95	72	28369	110527
TCGA-QQ-A8VB-01	14910	9681	43201	107578
TCGA-QQ-A8VD-01	0	4	26934	116218
TCGA-QQ-A8VF-01	19167	2644	33786	109816
TCGA-QQ-A8VG-01	6	97	26903	112097
TCGA-QQ-A8VH-01	8091	16482	24259	121934
TCGA-RN-AAAQ-01	9167	22677	27808	110300
TCGA-SG-A6Z4-01	23594	18329	17789	126843
TCGA-SG-A6Z7-01	8178	10745	19379	117622
TCGA-SG-A849-01	5623	3251	25203	103497
TCGA-SI-A71O-01	17869	17157	28543	120130
TCGA-SI-A71P-01	343	1963	29813	106401
TCGA-SI-A71Q-01	25003	16490	16288	121312
TCGA-SI-AA8B-01	19803	16406	27299	118230
TCGA-SI-AA8C-01	2126	11700	25454	115023
TCGA-UE-A6QT-01	5	14	28435	104625
TCGA-VT-A80G-01	17659	19292	29038	116214
TCGA-VT-A80J-01	3413	1975	30729	92456
TCGA-VT-AB3D-01	806	1457	22883	113988
TCGA-WK-A8XO-01	4767	9489	36747	99372
TCGA-WK-A8XQ-01	25	3	32924	120053
TCGA-WK-A8XS-01	5725	23127	38702	113585
TCGA-WK-A8XT-01	0	4323	26349	123674
TCGA-WK-A8XX-01	7089	9510	39203	107092
TCGA-WK-A8XY-01	35159	25074	49847	107327
TCGA-WK-A8XZ-01	2424	11638	42685	110499
TCGA-WK-A8Y0-01	11961	25398	24651	112033
TCGA-WP-A9GB-01	26935	23461	39858	115622
TCGA-X2-A95T-01	5115	14655	36135	121117
TCGA-X6-A7WB-01	4721	17606	45064	112755
TCGA-X6-A7WC-01	18076	22545	24273	112938
TCGA-X6-A7WD-01	1373	7364	39085	109078
TCGA-X6-A8C2-01	17390	23320	22113	119198
TCGA-X6-A8C3-01	11009	14098	26285	99911
TCGA-X6-A8C4-01	23689	25267	32762	115074
TCGA-X6-A8C5-01	2288	11372	34177	111644
TCGA-X6-A8C6-01	9957	9055	23376	116284
TCGA-X6-A8C7-01	0	2099	24911	123309
TCGA-X9-A971-01	8814	10946	40208	104340
TCGA-X9-A973-01	13387	2	32035	114174
TCGA-Z4-A8JB-01	0	952	25262	114529
TCGA-Z4-A9VC-01	0	8	24383	118081
TCGA-Z4-AAPF-01	14510	2163	23230	123692
TCGA-Z4-AAPG-01	20146	23979	31598	108936
